id=22_04_Na22_pos19
time.start=2026/04/22 14:36:47.452+0200
time.stop=2026/04/22 14:46:47.480+0200
time.real=00:10:00
board.3-0-10281.readout.rate=5.004 kb/s
board.3-0-10281.LaBr(Ce).rejections.singles=0.0
board.3-0-10281.LaBr(Ce).rejections.pileup=0.992179
board.3-0-10281.LaBr(Ce).rejections.saturation=0.0
board.3-0-10281.LaBr(Ce).rejections.energy=0.0
board.3-0-10281.LaBr(Ce).rejections.psd=0.0
board.3-0-10281.LaBr(Ce).rejections.timedistribution=0.0
board.3-0-10281.LaBr(Ce).throughput=117.417
board.3-0-10281.LaBr(Ce).icr=126.376
board.3-0-10281.LaBr(Ce).ocr=124.397
board.3-0-10281.LaBr(Ce).calibration.energy.c0=0.0
board.3-0-10281.LaBr(Ce).calibration.energy.c1=1.0
board.3-0-10281.LaBr(Ce).calibration.energy.c2=0.0
board.3-0-10281.LaBr(Ce).calibration.energy.uom=keV
board.3-0-10281.CeBr.rejections.singles=0.0
board.3-0-10281.CeBr.rejections.pileup=57.4907
board.3-0-10281.CeBr.rejections.saturation=1.98244
board.3-0-10281.CeBr.rejections.energy=0.0
board.3-0-10281.CeBr.rejections.psd=0.0
board.3-0-10281.CeBr.rejections.timedistribution=0.0
board.3-0-10281.CeBr.throughput=337.682
board.3-0-10281.CeBr.icr=343.953
board.3-0-10281.CeBr.ocr=284.48
board.3-0-10281.CeBr.calibration.energy.c0=0.0
board.3-0-10281.CeBr.calibration.energy.c1=1.0
board.3-0-10281.CeBr.calibration.energy.c2=0.0
board.3-0-10281.CeBr.calibration.energy.uom=keV
