id=22_04_Na22_pos16
time.start=2026/04/22 13:48:05.038+0200
time.stop=2026/04/22 13:58:05.075+0200
time.real=00:10:00
board.3-0-10281.readout.rate=4.056 kb/s
board.3-0-10281.LaBr(Ce).rejections.singles=0.0
board.3-0-10281.LaBr(Ce).rejections.pileup=2.02471
board.3-0-10281.LaBr(Ce).rejections.saturation=0.0
board.3-0-10281.LaBr(Ce).rejections.energy=0.0
board.3-0-10281.LaBr(Ce).rejections.psd=0.0
board.3-0-10281.LaBr(Ce).rejections.timedistribution=0.0
board.3-0-10281.LaBr(Ce).throughput=113.172
board.3-0-10281.LaBr(Ce).icr=110.722
board.3-0-10281.LaBr(Ce).ocr=110.346
board.3-0-10281.LaBr(Ce).calibration.energy.c0=0.0
board.3-0-10281.LaBr(Ce).calibration.energy.c1=1.0
board.3-0-10281.LaBr(Ce).calibration.energy.c2=0.0
board.3-0-10281.LaBr(Ce).calibration.energy.uom=keV
board.3-0-10281.CeBr.rejections.singles=0.0
board.3-0-10281.CeBr.rejections.pileup=29.1639
board.3-0-10281.CeBr.rejections.saturation=2.01131
board.3-0-10281.CeBr.rejections.energy=0.0
board.3-0-10281.CeBr.rejections.psd=0.0
board.3-0-10281.CeBr.rejections.timedistribution=0.0
board.3-0-10281.CeBr.throughput=224.261
board.3-0-10281.CeBr.icr=224.261
board.3-0-10281.CeBr.ocr=193.085
board.3-0-10281.CeBr.calibration.energy.c0=0.0
board.3-0-10281.CeBr.calibration.energy.c1=1.0
board.3-0-10281.CeBr.calibration.energy.c2=0.0
board.3-0-10281.CeBr.calibration.energy.uom=keV
