id=22_04_Na22_pos12
time.start=2026/04/22 13:02:24.464+0200
time.stop=2026/04/22 13:12:24.501+0200
time.real=00:10:00
board.3-0-10281.readout.rate=3.988 kb/s
board.3-0-10281.LaBr(Ce).rejections.singles=0.0
board.3-0-10281.LaBr(Ce).rejections.pileup=1.03089
board.3-0-10281.LaBr(Ce).rejections.saturation=0.0
board.3-0-10281.LaBr(Ce).rejections.energy=0.0
board.3-0-10281.LaBr(Ce).rejections.psd=0.0
board.3-0-10281.LaBr(Ce).rejections.timedistribution=0.0
board.3-0-10281.LaBr(Ce).throughput=110.677
board.3-0-10281.LaBr(Ce).icr=110.027
board.3-0-10281.LaBr(Ce).ocr=109.157
board.3-0-10281.LaBr(Ce).calibration.energy.c0=0.0
board.3-0-10281.LaBr(Ce).calibration.energy.c1=1.0
board.3-0-10281.LaBr(Ce).calibration.energy.c2=0.0
board.3-0-10281.LaBr(Ce).calibration.energy.uom=keV
board.3-0-10281.CeBr.rejections.singles=0.0
board.3-0-10281.CeBr.rejections.pileup=31.8317
board.3-0-10281.CeBr.rejections.saturation=1.02683
board.3-0-10281.CeBr.rejections.energy=0.0
board.3-0-10281.CeBr.rejections.psd=0.0
board.3-0-10281.CeBr.rejections.timedistribution=0.0
board.3-0-10281.CeBr.throughput=218.046
board.3-0-10281.CeBr.icr=231.037
board.3-0-10281.CeBr.ocr=198.178
board.3-0-10281.CeBr.calibration.energy.c0=0.0
board.3-0-10281.CeBr.calibration.energy.c1=1.0
board.3-0-10281.CeBr.calibration.energy.c2=0.0
board.3-0-10281.CeBr.calibration.energy.uom=keV
