id=22_04_Na22_pos15
time.start=2026/04/22 13:36:01.619+0200
time.stop=2026/04/22 13:46:01.642+0200
time.real=00:10:00
board.3-0-10281.readout.rate=3.992 kb/s
board.3-0-10281.LaBr(Ce).rejections.singles=0.0
board.3-0-10281.LaBr(Ce).rejections.pileup=1.99162
board.3-0-10281.LaBr(Ce).rejections.saturation=0.995808
board.3-0-10281.LaBr(Ce).rejections.energy=0.0
board.3-0-10281.LaBr(Ce).rejections.psd=0.0
board.3-0-10281.LaBr(Ce).rejections.timedistribution=0.0
board.3-0-10281.LaBr(Ce).throughput=148.358
board.3-0-10281.LaBr(Ce).icr=139.413
board.3-0-10281.LaBr(Ce).ocr=136.426
board.3-0-10281.LaBr(Ce).calibration.energy.c0=0.0
board.3-0-10281.LaBr(Ce).calibration.energy.c1=1.0
board.3-0-10281.LaBr(Ce).calibration.energy.c2=0.0
board.3-0-10281.LaBr(Ce).calibration.energy.uom=keV
board.3-0-10281.CeBr.rejections.singles=0.0
board.3-0-10281.CeBr.rejections.pileup=20.7206
board.3-0-10281.CeBr.rejections.saturation=2.07206
board.3-0-10281.CeBr.rejections.energy=0.0
board.3-0-10281.CeBr.rejections.psd=0.0
board.3-0-10281.CeBr.rejections.timedistribution=0.0
board.3-0-10281.CeBr.throughput=173.977
board.3-0-10281.CeBr.icr=168.873
board.3-0-10281.CeBr.ocr=146.081
board.3-0-10281.CeBr.calibration.energy.c0=0.0
board.3-0-10281.CeBr.calibration.energy.c1=1.0
board.3-0-10281.CeBr.calibration.energy.c2=0.0
board.3-0-10281.CeBr.calibration.energy.uom=keV
